10 10 0 0 3 4
5 3 7 2 8 6 4 9 1 7
8 4 6 3 7 5 9 2 1 8
7 9 2 5 6 8 3 4 7 6
6 1 8 4 9 7 5 3 2 5
3 7 5 9 2 6 8 4 1 9
4 8 3 7 5 9 2 6 7 4
9 2 6 8 4 3 7 5 9 3
2 5 9 6 3 7 8 1 4 8
1 6 4 9 7 2 5 8 3 7
7 8 3 5 4 9 6 2 1 6
15 15 0 0 10 3
7 3 9 2 5 8 1 4 6 10 2 7 5 3 8
4 6 1 8 7 3 9 2 10 5 6 4 8 7 1
9 2 5 7 3 6 10 8 4 1 9 2 5 7 3
1 10 4 6 8 2 7 5 3 9 6 1 10 4 8
8 5 3 9 2 7 4 10 6 1 8 5 3 9 2
3 7 6 1 10 4 8 2 9 5 7 3 6 1 10
2 9 8 5 4 6 3 7 1 10 2 9 8 5 4
5 4 10 3 7 9 2 6 8 1 5 4 10 3 7
6 8 2 9 1 5 10 4 7 3 6 8 2 9 1
10 1 7 4 6 8 5 3 9 2 10 1 7 4 6
9 6 5 3 8 1 4 7 2 10 9 6 5 3 8
7 2 10 8 9 5 6 1 3 4 7 2 10 8 9
4 8 1 7 10 3 2 9 5 6 4 8 1 7 10
3 5 9 6 2 10 8 4 1 7 3 5 9 6 2
8 10 4 1 7 9 5 6 3 2 8 10 4 1 7
0